0 0.026855 0.522135 0.051758 0.101562
0 0.126953 0.520833 0.083984 0.091146
0 0.214355 0.569661 0.077148 0.095052
0 0.030762 0.812500 0.059570 0.085938
0 0.422363 0.940104 0.071289 0.106771
0 0.350586 0.890625 0.070312 0.101562
0 0.288574 0.927083 0.041992 0.085938
0 0.518066 0.938151 0.084961 0.121094
0 0.549805 0.772135 0.062500 0.091146
0 0.753906 0.826823 0.062500 0.083333
0 0.806152 0.879557 0.053711 0.105469
0 0.771973 0.724609 0.055664 0.123698
0 0.835449 0.665365 0.090820 0.091146
0 0.855469 0.574870 0.091797 0.082031
0 0.665039 0.473307 0.060547 0.118490
0 0.964355 0.398438 0.071289 0.085938
0 0.468750 0.472656 0.074219 0.117188
0 0.361328 0.398438 0.091797 0.096354
0 0.456543 0.072266 0.069336 0.108073
0 0.522949 0.048828 0.077148 0.092448
