0 0.126953 0.459635 0.082031 0.111979
0 0.215332 0.434245 0.084961 0.102865
0 0.031738 0.473307 0.061523 0.079427
0 0.033203 0.195312 0.064453 0.080729
0 0.230957 0.065104 0.083008 0.091146
0 0.290527 0.072917 0.051758 0.101562
0 0.352051 0.114583 0.073242 0.085938
0 0.429688 0.056641 0.072266 0.089844
0 0.519531 0.061849 0.076172 0.105469
0 0.548340 0.219401 0.081055 0.105469
0 0.756348 0.169271 0.069336 0.083333
0 0.801758 0.111328 0.052734 0.113281
0 0.768066 0.274740 0.055664 0.119792
0 0.837891 0.324219 0.083984 0.109375
0 0.665527 0.520833 0.055664 0.111979
0 0.852539 0.425130 0.097656 0.069010
0 0.966309 0.587240 0.063477 0.098958
0 0.453125 0.924479 0.066406 0.104167
0 0.525391 0.945964 0.076172 0.105469
0 0.471680 0.516927 0.066406 0.127604
