0 0.144043 0.572917 0.102539 0.085938
0 0.162109 0.671875 0.087891 0.111979
0 0.038086 0.404297 0.074219 0.100260
0 0.333496 0.461589 0.069336 0.118490
0 0.526855 0.470703 0.083008 0.118490
0 0.630371 0.382812 0.094727 0.114583
0 0.541992 0.074870 0.072266 0.092448
0 0.481445 0.050130 0.082031 0.097656
0 0.441406 0.780599 0.082031 0.105469
0 0.186523 0.876953 0.072266 0.131510
0 0.248535 0.825521 0.079102 0.091146
0 0.239258 0.723307 0.066406 0.144531
0 0.782715 0.571615 0.084961 0.091146
0 0.874023 0.521484 0.103516 0.113281
0 0.968750 0.531250 0.062500 0.111979
0 0.962891 0.805990 0.074219 0.085938
0 0.478027 0.942708 0.088867 0.114583
0 0.574219 0.930339 0.083984 0.110677
0 0.649414 0.887370 0.066406 0.108073
0 0.707520 0.923828 0.057617 0.092448
0 0.770508 0.934896 0.058594 0.078125
