0 0.152344 0.417318 0.083984 0.063802
0 0.159668 0.331380 0.090820 0.097656
0 0.231445 0.277344 0.060547 0.114583
0 0.037109 0.581380 0.070312 0.131510
0 0.330566 0.516276 0.079102 0.102865
0 0.531738 0.524089 0.067383 0.128906
0 0.478027 0.949219 0.069336 0.101562
0 0.538574 0.926432 0.071289 0.105469
0 0.786621 0.440104 0.090820 0.098958
0 0.878418 0.473958 0.083008 0.117188
0 0.974609 0.473958 0.050781 0.083333
0 0.190430 0.120443 0.058594 0.100260
0 0.243652 0.172526 0.059570 0.087240
0 0.441895 0.224609 0.075195 0.123698
0 0.473145 0.037760 0.063477 0.072917
0 0.575195 0.071615 0.080078 0.114583
0 0.652344 0.102865 0.066406 0.091146
0 0.706055 0.075521 0.048828 0.093750
0 0.760254 0.061198 0.051758 0.098958
0 0.970703 0.189453 0.058594 0.105469
